15 22 13
53 58 43 32 40 63 42 59 54 11 56 52 59 40 59 60 58 58 61 60 57 22 
34 43 21 55 1 36 52 31 57 58 11 40 19 32 42 
0 1 1 0 0 0 1 0 0 0 0 0 0 0 1 
0 0 0 0 0 0 1 0 0 1 0 0 0 0 0 
0 1 0 0 0 1 0 0 0 0 0 0 0 0 0 
0 0 0 0 0 0 0 1 0 0 0 0 0 1 0 
0 0 0 0 0 0 0 0 0 0 0 1 0 1 0 
0 1 0 0 0 0 0 1 0 1 0 0 0 0 0 
0 0 0 0 0 0 0 1 0 0 1 0 0 0 1 
0 1 0 0 0 1 0 0 1 0 0 0 0 1 1 
0 1 0 0 1 0 1 0 0 0 0 0 0 1 1 
0 0 0 0 1 0 0 0 0 0 1 0 0 0 0 
0 0 0 1 0 1 1 1 0 0 1 0 1 1 0 
0 0 0 0 0 0 1 0 0 0 0 0 1 0 0 
0 0 0 0 0 0 0 0 0 1 0 0 1 0 0 
1 0 0 0 0 0 0 0 0 0 0 1 1 1 0 
1 0 0 0 0 0 0 0 1 0 0 0 1 0 1 
1 0 0 1 0 1 0 0 0 1 0 0 0 0 0 
0 0 0 0 0 1 0 0 0 1 0 0 0 0 0 
0 0 0 0 0 0 0 0 0 1 0 0 1 0 0 
0 1 0 0 1 1 0 0 0 1 1 0 0 0 1 
0 0 0 1 1 0 0 0 1 0 0 0 0 0 0 
0 0 0 0 1 0 1 0 1 0 0 0 0 0 1 
0 0 1 0 1 0 0 0 0 0 1 0 1 0 0 
