15 22 13
56 58 58 57 57 43 55 59 37 52 37 55 44 40 54 59 57 58 60 60 52 45 
34 43 21 55 1 36 52 31 57 58 11 40 19 32 42 
0 0 0 1 0 0 0 0 0 0 0 0 0 1 0 
0 1 0 0 0 1 0 0 0 1 0 0 0 0 0 
1 0 0 0 0 0 1 1 0 1 0 0 0 0 0 
0 0 0 0 0 1 1 1 1 0 0 0 0 0 0 
1 0 1 0 1 0 1 0 1 0 0 0 0 0 0 
0 0 0 0 1 0 0 0 0 0 0 1 0 0 0 
0 0 0 1 1 0 0 0 0 0 0 0 1 0 0 
1 0 0 0 0 0 0 1 1 0 0 0 0 0 0 
0 0 0 0 0 1 0 0 0 0 0 0 0 1 0 
1 0 0 0 0 0 1 0 0 0 0 1 0 0 1 
1 0 0 0 1 1 0 0 0 0 0 0 0 0 0 
1 0 1 1 0 0 0 0 0 0 0 0 0 0 0 
0 1 1 0 0 1 0 1 0 0 1 0 0 0 0 
0 0 0 0 0 1 0 0 0 0 0 1 0 0 0 
0 1 1 0 0 0 1 0 0 0 0 0 1 1 0 
0 0 0 0 1 0 0 0 1 0 1 1 0 1 0 
0 0 0 0 0 0 0 0 1 0 0 1 0 0 0 
0 0 0 0 0 0 0 1 0 1 1 0 0 0 0 
1 1 0 0 0 0 0 1 1 0 0 0 0 0 0 
0 0 1 0 0 0 1 0 1 0 0 1 0 0 0 
0 0 1 0 1 1 1 0 0 0 0 0 0 0 0 
0 1 0 0 0 0 0 1 0 0 0 0 0 1 1 
