15 22 13
43 40 58 42 55 34 42 54 54 55 59 57 53 52 60 60 58 55 58 55 58 61 
34 43 21 55 1 36 52 31 57 58 11 40 19 32 42 
0 0 0 0 1 0 0 0 0 0 0 0 0 0 1 
0 0 0 0 0 0 0 1 0 0 0 1 0 1 0 
1 1 1 0 0 0 0 0 0 1 0 0 0 0 0 
1 0 1 0 0 1 0 0 0 0 0 0 1 1 1 
0 0 0 1 0 0 0 0 0 0 1 0 0 1 0 
0 0 0 0 0 0 0 1 0 0 1 0 0 0 0 
0 0 1 0 1 1 0 0 0 0 0 0 0 0 1 
0 0 0 0 0 0 1 0 0 0 0 0 0 0 1 
0 0 1 0 0 1 1 0 0 0 0 0 1 0 1 
0 0 0 1 1 0 0 0 0 0 0 0 0 0 0 
0 1 0 0 0 0 1 1 1 1 0 0 0 0 0 
0 0 0 0 1 0 1 0 1 0 1 0 0 0 0 
1 0 1 0 0 0 1 0 0 0 0 0 0 0 0 
1 0 0 0 0 0 1 0 0 0 1 1 0 0 0 
0 0 0 0 0 0 0 0 0 1 0 0 0 0 1 
0 0 0 0 0 1 0 0 0 1 0 1 0 0 0 
0 0 0 0 0 0 0 0 1 1 0 1 1 0 0 
0 0 1 1 0 0 0 0 0 0 0 0 0 0 0 
0 0 0 1 1 0 0 0 0 0 0 0 0 0 0 
0 0 0 0 1 0 1 0 0 0 1 0 0 0 0 
0 0 0 0 1 0 0 0 0 1 0 0 0 0 0 
0 0 1 0 0 0 0 0 0 1 0 0 1 0 1 
