15 22 9
59 42 57 58 58 35 43 57 45 57 58 57 56 58 57 60 42 11 61 36 58 45 
34 43 21 55 1 36 52 31 57 58 11 40 19 32 42 
1 1 0 1 0 0 0 0 1 1 0 0 0 0 0 
0 0 0 0 1 1 0 1 0 0 0 0 0 0 1 
0 0 0 0 0 0 0 0 1 0 1 0 0 0 0 
0 0 0 0 0 0 0 0 0 1 0 1 0 1 0 
0 0 0 1 0 0 0 0 0 1 0 1 0 0 0 
0 0 0 0 1 0 0 0 0 0 0 0 0 1 0 
0 1 0 0 0 0 0 0 0 0 0 1 1 0 0 
0 0 0 1 0 0 1 0 0 0 0 0 0 0 1 
0 1 0 0 0 0 0 0 0 0 0 0 0 1 0 
0 0 0 0 0 1 0 0 1 0 1 0 1 0 0 
0 1 1 1 0 0 1 1 1 0 0 0 0 0 0 
0 0 1 0 1 0 0 1 1 0 0 0 1 1 1 
0 0 0 1 0 0 0 0 0 0 1 0 0 0 1 
0 1 0 1 0 0 0 0 0 1 1 1 0 1 0 
0 0 0 1 0 0 0 1 0 0 0 0 0 1 0 
0 0 0 0 0 1 0 0 0 1 0 0 0 0 1 
0 0 0 0 1 0 0 0 0 0 1 1 1 0 1 
0 0 0 0 1 0 0 0 0 0 1 0 0 0 0 
0 0 1 0 1 0 0 0 0 1 1 1 1 0 0 
1 0 0 0 1 0 0 0 0 0 0 0 0 0 0 
0 0 0 0 0 0 0 0 0 1 0 0 1 0 0 
0 1 0 0 0 0 0 0 0 0 0 0 0 1 0 
