15 22 11
58 55 31 58 36 47 57 54 59 36 59 52 58 58 57 45 43 36 55 44 52 58 
34 43 21 55 1 36 52 31 57 58 11 40 19 32 42 
0 0 1 0 0 0 1 1 1 0 0 0 0 1 0 
0 1 0 1 0 0 0 0 0 0 0 1 0 0 1 
0 0 0 0 0 0 0 1 0 0 1 0 0 0 0 
1 0 0 0 0 1 0 0 1 1 0 0 1 1 0 
0 0 0 0 1 1 0 0 0 0 1 0 0 0 0 
0 1 0 0 0 0 0 0 0 0 0 1 0 1 0 
1 0 0 0 0 0 0 0 1 0 0 0 1 0 0 
0 0 0 0 0 0 1 1 0 0 0 0 0 0 0 
0 0 0 0 0 1 0 1 1 0 0 0 0 0 0 
1 0 0 0 0 1 0 1 0 0 0 0 0 1 0 
0 0 1 0 0 0 1 0 1 1 0 0 0 0 0 
0 1 1 0 1 1 1 0 0 0 0 0 1 0 0 
0 0 0 0 1 0 0 0 1 0 1 1 1 0 0 
0 0 0 0 0 0 0 0 1 1 0 0 0 1 0 
0 0 1 1 0 1 1 0 0 0 0 1 0 1 0 
1 1 0 0 0 0 0 0 0 0 0 0 1 0 0 
0 1 0 0 1 0 0 0 0 0 1 0 0 1 0 
1 0 1 0 0 1 0 0 0 0 1 0 0 0 0 
0 1 0 0 1 0 1 1 0 0 1 0 0 0 0 
0 0 0 0 1 0 0 0 0 0 0 0 0 0 1 
0 0 0 0 1 0 1 0 0 0 1 0 1 0 0 
0 0 1 1 0 0 0 0 0 0 0 0 1 0 0 
